Sample in Buffer	Sample in Window	adc_data_ch0
0	0	-1909	
1	1	1530	
2	2	2403	
3	3	-681	
4	4	-2511	
5	5	210	
6	6	2631	
7	7	689	
8	8	-2365	
9	9	-1169	
10	10	2185	
11	11	1872	
12	12	-1512	
13	13	-2192	
14	14	1118	
15	15	2550	
16	16	-229	
17	17	-2556	
18	18	-270	
19	19	2554	
20	20	1122	
21	21	-2153	
22	22	-1561	
23	23	1897	
24	24	2173	
25	25	-1117	
26	26	-2395	
27	27	670	
28	28	2631	
29	29	239	
30	30	-2506	
31	31	-730	
32	32	2407	
33	33	1520	
34	34	-1869	
35	35	-1908	
36	36	1530	
37	37	2399	
38	38	-682	
39	39	-2515	
40	40	205	
41	41	2632	
42	42	688	
43	43	-2369	
44	44	-1172	
45	45	2186	
46	46	1874	
47	47	-1516	
48	48	-2188	
49	49	1120	
50	50	2554	
51	51	-230	
52	52	-2555	
53	53	-268	
54	54	2558	
55	55	1118	
56	56	-2152	
57	57	-1568	
58	58	1892	
59	59	2162	
60	60	-1112	
61	61	-2389	
62	62	674	
63	63	2631	
64	64	235	
65	65	-2504	
66	66	-734	
67	67	2407	
68	68	1517	
69	69	-1869	
70	70	-1910	
71	71	1529	
72	72	2393	
73	73	-687	
74	74	-2516	
75	75	214	
76	76	2632	
77	77	693	
78	78	-2363	
79	79	-1167	
80	80	2189	
81	81	1872	
82	82	-1517	
83	83	-2189	
84	84	1122	
85	85	2552	
86	86	-223	
87	87	-2548	
88	88	-264	
89	89	2555	
90	90	1124	
91	91	-2153	
92	92	-1569	
93	93	1887	
94	94	2163	
95	95	-1118	
96	96	-2401	
97	97	674	
98	98	2637	
99	99	239	
100	100	-2505	
101	101	-733	
102	102	2413	
103	103	1521	
104	104	-1865	
105	105	-1909	
106	106	1528	
107	107	2397	
108	108	-686	
109	109	-2515	
110	110	203	
111	111	2628	
112	112	697	
113	113	-2368	
114	114	-1169	
115	115	2188	
116	116	1874	
117	117	-1517	
118	118	-2191	
119	119	1119	
120	120	2559	
121	121	-220	
122	122	-2552	
123	123	-266	
124	124	2558	
125	125	1114	
126	126	-2151	
127	127	-1565	
128	128	1894	
129	129	2170	
130	130	-1111	
131	131	-2390	
132	132	672	
133	133	2635	
134	134	241	
135	135	-2504	
136	136	-732	
137	137	2410	
138	138	1517	
139	139	-1866	
140	140	-1907	
141	141	1531	
142	142	2400	
143	143	-683	
144	144	-2519	
145	145	203	
146	146	2633	
147	147	690	
148	148	-2372	
149	149	-1168	
150	150	2187	
151	151	1875	
152	152	-1516	
153	153	-2191	
154	154	1119	
155	155	2549	
156	156	-226	
157	157	-2555	
158	158	-273	
159	159	2552	
160	160	1123	
161	161	-2149	
162	162	-1569	
163	163	1894	
164	164	2168	
165	165	-1113	
166	166	-2387	
167	167	666	
168	168	2627	
169	169	237	
170	170	-2501	
171	171	-735	
172	172	2413	
173	173	1515	
174	174	-1870	
175	175	-1919	
176	176	1526	
177	177	2397	
178	178	-678	
179	179	-2519	
180	180	206	
181	181	2629	
182	182	692	
183	183	-2368	
184	184	-1169	
185	185	2182	
186	186	1874	
187	187	-1515	
188	188	-2189	
189	189	1123	
190	190	2550	
191	191	-226	
192	192	-2549	
193	193	-274	
194	194	2558	
195	195	1125	
196	196	-2148	
197	197	-1571	
198	198	1891	
199	199	2171	
200	200	-1116	
201	201	-2388	
202	202	671	
203	203	2627	
204	204	239	
205	205	-2504	
206	206	-727	
207	207	2412	
208	208	1520	
209	209	-1868	
210	210	-1911	
211	211	1527	
212	212	2401	
213	213	-681	
214	214	-2514	
215	215	204	
216	216	2632	
217	217	693	
218	218	-2372	
219	219	-1171	
220	220	2185	
221	221	1871	
222	222	-1519	
223	223	-2188	
224	224	1120	
225	225	2559	
226	226	-225	
227	227	-2551	
228	228	-271	
229	229	2558	
230	230	1128	
231	231	-2155	
232	232	-1569	
233	233	1890	
234	234	2168	
235	235	-1120	
236	236	-2395	
237	237	671	
238	238	2630	
239	239	242	
240	240	-2506	
241	241	-733	
242	242	2412	
243	243	1517	
244	244	-1864	
245	245	-1910	
246	246	1525	
247	247	2401	
248	248	-686	
249	249	-2520	
250	250	205	
251	251	2634	
252	252	691	
253	253	-2364	
254	254	-1169	
255	255	2192	
256	256	1875	
257	257	-1518	
258	258	-2190	
259	259	1120	
260	260	2554	
261	261	-223	
262	262	-2551	
263	263	-272	
264	264	2557	
265	265	1121	
266	266	-2150	
267	267	-1566	
268	268	1894	
269	269	2173	
270	270	-1115	
271	271	-2387	
272	272	672	
273	273	2635	
274	274	238	
275	275	-2501	
276	276	-736	
277	277	2411	
278	278	1521	
279	279	-1865	
280	280	-1912	
281	281	1530	
282	282	2398	
283	283	-683	
284	284	-2513	
285	285	197	
286	286	2628	
287	287	698	
288	288	-2367	
289	289	-1173	
290	290	2192	
291	291	1868	
292	292	-1515	
293	293	-2187	
294	294	1117	
295	295	2553	
296	296	-219	
297	297	-2550	
298	298	-269	
299	299	2560	
300	300	1122	
301	301	-2155	
302	302	-1571	
303	303	1900	
304	304	2171	
305	305	-1113	
306	306	-2392	
307	307	670	
308	308	2632	
309	309	239	
310	310	-2504	
311	311	-733	
312	312	2415	
313	313	1519	
314	314	-1864	
315	315	-1915	
316	316	1529	
317	317	2400	
318	318	-679	
319	319	-2513	
320	320	206	
321	321	2627	
322	322	690	
323	323	-2364	
324	324	-1178	
325	325	2187	
326	326	1871	
327	327	-1516	
328	328	-2189	
329	329	1119	
330	330	2555	
331	331	-223	
332	332	-2552	
333	333	-273	
334	334	2557	
335	335	1121	
336	336	-2149	
337	337	-1568	
338	338	1891	
339	339	2167	
340	340	-1121	
341	341	-2395	
342	342	677	
343	343	2631	
344	344	240	
345	345	-2495	
346	346	-730	
347	347	2412	
348	348	1523	
349	349	-1862	
350	350	-1910	
351	351	1532	
352	352	2401	
353	353	-676	
354	354	-2509	
355	355	207	
356	356	2627	
357	357	690	
358	358	-2364	
359	359	-1170	
360	360	2190	
361	361	1874	
362	362	-1517	
363	363	-2185	
364	364	1120	
365	365	2557	
366	366	-225	
367	367	-2549	
368	368	-272	
369	369	2562	
370	370	1126	
371	371	-2152	
372	372	-1564	
373	373	1887	
374	374	2167	
375	375	-1107	
376	376	-2388	
377	377	677	
378	378	2629	
379	379	241	
380	380	-2500	
381	381	-734	
382	382	2412	
383	383	1519	
384	384	-1868	
385	385	-1912	
386	386	1532	
387	387	2405	
388	388	-685	
389	389	-2520	
390	390	209	
391	391	2629	
392	392	689	
393	393	-2362	
394	394	-1174	
395	395	2180	
396	396	1869	
397	397	-1517	
398	398	-2182	
399	399	1120	
400	400	2558	
401	401	-222	
402	402	-2545	
403	403	-270	
404	404	2556	
405	405	1123	
406	406	-2151	
407	407	-1560	
408	408	1894	
409	409	2176	
410	410	-1116	
411	411	-2390	
412	412	671	
413	413	2628	
414	414	248	
415	415	-2497	
416	416	-730	
417	417	2410	
418	418	1523	
419	419	-1865	
420	420	-1907	
421	421	1528	
422	422	2402	
423	423	-678	
424	424	-2510	
425	425	206	
426	426	2634	
427	427	696	
428	428	-2365	
429	429	-1171	
430	430	2191	
431	431	1872	
432	432	-1504	
433	433	-2190	
434	434	1122	
435	435	2558	
436	436	-227	
437	437	-2546	
438	438	-265	
439	439	2560	
440	440	1126	
441	441	-2151	
442	442	-1564	
443	443	1891	
444	444	2171	
445	445	-1112	
446	446	-2391	
447	447	674	
448	448	2634	
449	449	235	
450	450	-2500	
451	451	-732	
452	452	2408	
453	453	1525	
454	454	-1867	
455	455	-1908	
456	456	1534	
457	457	2398	
458	458	-681	
459	459	-2516	
460	460	197	
461	461	2635	
462	462	693	
463	463	-2368	
464	464	-1171	
465	465	2189	
466	466	1880	
467	467	-1510	
468	468	-2182	
469	469	1122	
470	470	2561	
471	471	-220	
472	472	-2551	
473	473	-264	
474	474	2558	
475	475	1122	
476	476	-2153	
477	477	-1566	
478	478	1897	
479	479	2173	
480	480	-1113	
481	481	-2394	
482	482	676	
483	483	2631	
484	484	244	
485	485	-2498	
486	486	-734	
487	487	2416	
488	488	1521	
489	489	-1868	
490	490	-1913	
491	491	1531	
492	492	2403	
493	493	-677	
494	494	-2512	
495	495	210	
496	496	2634	
497	497	692	
498	498	-2363	
499	499	-1171	
500	500	2188	
501	501	1872	
502	502	-1517	
503	503	-2189	
504	504	1122	
505	505	2556	
506	506	-223	
507	507	-2545	
508	508	-275	
509	509	2557	
510	510	1125	
511	511	-2147	
512	512	-1566	
513	513	1888	
514	514	2171	
515	515	-1117	
516	516	-2389	
517	517	673	
518	518	2633	
519	519	244	
520	520	-2496	
521	521	-728	
522	522	2412	
523	523	1525	
524	524	-1866	
525	525	-1909	
526	526	1531	
527	527	2401	
528	528	-674	
529	529	-2511	
530	530	198	
531	531	2636	
532	532	688	
533	533	-2366	
534	534	-1172	
535	535	2187	
536	536	1879	
537	537	-1514	
538	538	-2185	
539	539	1117	
540	540	2560	
541	541	-220	
542	542	-2552	
543	543	-267	
544	544	2556	
545	545	1123	
546	546	-2150	
547	547	-1560	
548	548	1895	
549	549	2172	
550	550	-1118	
551	551	-2393	
552	552	671	
553	553	2637	
554	554	241	
555	555	-2501	
556	556	-725	
557	557	2410	
558	558	1518	
559	559	-1867	
560	560	-1912	
561	561	1529	
562	562	2403	
563	563	-683	
564	564	-2511	
565	565	206	
566	566	2633	
567	567	693	
568	568	-2360	
569	569	-1162	
570	570	2186	
571	571	1873	
572	572	-1511	
573	573	-2188	
574	574	1116	
575	575	2557	
576	576	-225	
577	577	-2552	
578	578	-264	
579	579	2557	
580	580	1119	
581	581	-2151	
582	582	-1566	
583	583	1891	
584	584	2169	
585	585	-1118	
586	586	-2393	
587	587	671	
588	588	2638	
589	589	241	
590	590	-2503	
591	591	-735	
592	592	2411	
593	593	1522	
594	594	-1864	
595	595	-1910	
596	596	1533	
597	597	2406	
598	598	-678	
599	599	-2510	
600	600	209	
601	601	2633	
602	602	689	
603	603	-2370	
604	604	-1168	
605	605	2189	
606	606	1871	
607	607	-1518	
608	608	-2189	
609	609	1123	
610	610	2552	
611	611	-222	
612	612	-2550	
613	613	-267	
614	614	2556	
615	615	1128	
616	616	-2155	
617	617	-1562	
618	618	1889	
619	619	2172	
620	620	-1118	
621	621	-2391	
622	622	673	
623	623	2634	
624	624	236	
625	625	-2498	
626	626	-729	
627	627	2413	
628	628	1519	
629	629	-1869	
630	630	-1907	
631	631	1530	
632	632	2402	
633	633	-678	
634	634	-2515	
635	635	201	
636	636	2632	
637	637	693	
638	638	-2359	
639	639	-1172	
640	640	2189	
641	641	1877	
642	642	-1512	
643	643	-2182	
644	644	1115	
645	645	2560	
646	646	-222	
647	647	-2545	
648	648	-265	
649	649	2560	
650	650	1122	
651	651	-2154	
652	652	-1559	
653	653	1893	
654	654	2173	
655	655	-1114	
656	656	-2396	
657	657	674	
658	658	2639	
659	659	238	
660	660	-2497	
661	661	-729	
662	662	2410	
663	663	1520	
664	664	-1867	
665	665	-1913	
666	666	1533	
667	667	2397	
668	668	-680	
669	669	-2515	
670	670	198	
671	671	2632	
672	672	690	
673	673	-2365	
674	674	-1173	
675	675	2187	
676	676	1876	
677	677	-1516	
678	678	-2195	
679	679	1126	
680	680	2555	
681	681	-225	
682	682	-2554	
683	683	-268	
684	684	2558	
685	685	1124	
686	686	-2151	
687	687	-1562	
688	688	1889	
689	689	2171	
690	690	-1116	
691	691	-2390	
692	692	672	
693	693	2636	
694	694	243	
695	695	-2493	
696	696	-728	
697	697	2413	
698	698	1523	
699	699	-1862	
700	700	-1913	
701	701	1528	
702	702	2401	
703	703	-682	
704	704	-2514	
705	705	204	
706	706	2636	
707	707	697	
708	708	-2366	
709	709	-1168	
710	710	2190	
711	711	1874	
712	712	-1510	
713	713	-2188	
714	714	1121	
715	715	2549	
716	716	-219	
717	717	-2550	
718	718	-274	
719	719	2557	
720	720	1127	
721	721	-2150	
722	722	-1567	
723	723	1891	
724	724	2175	
725	725	-1116	
726	726	-2387	
727	727	675	
728	728	2637	
729	729	233	
730	730	-2500	
731	731	-731	
732	732	2415	
733	733	1522	
734	734	-1869	
735	735	-1910	
736	736	1533	
737	737	2408	
738	738	-679	
739	739	-2512	
740	740	208	
741	741	2636	
742	742	695	
743	743	-2373	
744	744	-1168	
745	745	2186	
746	746	1872	
747	747	-1511	
748	748	-2183	
749	749	1124	
750	750	2552	
751	751	-226	
752	752	-2548	
753	753	-267	
754	754	2560	
755	755	1127	
756	756	-2146	
757	757	-1569	
758	758	1889	
759	759	2175	
760	760	-1114	
761	761	-2388	
762	762	675	
763	763	2631	
764	764	231	
765	765	-2503	
766	766	-734	
767	767	2407	
768	768	1527	
769	769	-1862	
770	770	-1909	
771	771	1527	
772	772	2396	
773	773	-679	
774	774	-2510	
775	775	197	
776	776	2627	
777	777	689	
778	778	-2370	
779	779	-1171	
780	780	2181	
781	781	1873	
782	782	-1513	
783	783	-2189	
784	784	1122	
785	785	2555	
786	786	-223	
787	787	-2553	
788	788	-269	
789	789	2553	
790	790	1125	
791	791	-2154	
792	792	-1563	
793	793	1887	
794	794	2169	
795	795	-1123	
796	796	-2387	
797	797	676	
798	798	2631	
799	799	239	
800	800	-2502	
801	801	-730	
802	802	2409	
803	803	1517	
804	804	-1871	
805	805	-1908	
806	806	1528	
807	807	2400	
808	808	-680	
809	809	-2513	
810	810	209	
811	811	2631	
812	812	690	
813	813	-2365	
814	814	-1174	
815	815	2184	
816	816	1875	
817	817	-1512	
818	818	-2189	
819	819	1116	
820	820	2554	
821	821	-219	
822	822	-2553	
823	823	-271	
824	824	2556	
825	825	1122	
826	826	-2155	
827	827	-1568	
828	828	1891	
829	829	2166	
830	830	-1108	
831	831	-2392	
832	832	672	
833	833	2630	
834	834	237	
835	835	-2498	
836	836	-735	
837	837	2412	
838	838	1516	
839	839	-1866	
840	840	-1911	
841	841	1535	
842	842	2402	
843	843	-683	
844	844	-2516	
845	845	199	
846	846	2635	
847	847	693	
848	848	-2368	
849	849	-1173	
850	850	2189	
851	851	1874	
852	852	-1518	
853	853	-2187	
854	854	1116	
855	855	2560	
856	856	-225	
857	857	-2553	
858	858	-269	
859	859	2557	
860	860	1120	
861	861	-2151	
862	862	-1567	
863	863	1896	
864	864	2169	
865	865	-1121	
866	866	-2391	
867	867	670	
868	868	2638	
869	869	235	
870	870	-2499	
871	871	-732	
872	872	2412	
873	873	1520	
874	874	-1869	
875	875	-1914	
876	876	1525	
877	877	2396	
878	878	-676	
879	879	-2510	
880	880	207	
881	881	2635	
882	882	690	
883	883	-2363	
884	884	-1171	
885	885	2189	
886	886	1871	
887	887	-1516	
888	888	-2190	
889	889	1121	
890	890	2549	
891	891	-223	
892	892	-2553	
893	893	-264	
894	894	2561	
895	895	1122	
896	896	-2152	
897	897	-1568	
898	898	1884	
899	899	2166	
900	900	-1112	
901	901	-2394	
902	902	668	
903	903	2626	
904	904	240	
905	905	-2499	
906	906	-732	
907	907	2410	
908	908	1522	
909	909	-1864	
910	910	-1910	
911	911	1530	
912	912	2402	
913	913	-676	
914	914	-2511	
915	915	215	
916	916	2629	
917	917	700	
918	918	-2362	
919	919	-1168	
920	920	2187	
921	921	1875	
922	922	-1513	
923	923	-2186	
924	924	1119	
925	925	2554	
926	926	-219	
927	927	-2556	
928	928	-265	
929	929	2556	
930	930	1123	
931	931	-2150	
932	932	-1563	
933	933	1892	
934	934	2165	
935	935	-1107	
936	936	-2392	
937	937	671	
938	938	2630	
939	939	240	
940	940	-2500	
941	941	-736	
942	942	2408	
943	943	1517	
944	944	-1867	
945	945	-1911	
946	946	1537	
947	947	2401	
948	948	-683	
949	949	-2513	
950	950	207	
951	951	2633	
952	952	692	
953	953	-2363	
954	954	-1171	
955	955	2190	
956	956	1873	
957	957	-1519	
958	958	-2191	
959	959	1118	
960	960	2551	
961	961	-222	
962	962	-2553	
963	963	-271	
964	964	2559	
965	965	1127	
966	966	-2149	
967	967	-1564	
968	968	1890	
969	969	2167	
970	970	-1112	
971	971	-2393	
972	972	673	
973	973	2630	
974	974	243	
975	975	-2495	
976	976	-730	
977	977	2409	
978	978	1526	
979	979	-1864	
980	980	-1905	
981	981	1531	
982	982	2400	
983	983	-678	
984	984	-2512	
985	985	212	
986	986	2636	
987	987	692	
988	988	-2364	
989	989	-1162	
990	990	2189	
991	991	1876	
992	992	-1510	
993	993	-2187	
994	994	1120	
995	995	2553	
996	996	-226	
997	997	-2553	
998	998	-271	
999	999	2553	
1000	1000	1125	
1001	1001	-2153	
1002	1002	-1568	
1003	1003	1894	
1004	1004	2172	
1005	1005	-1111	
1006	1006	-2393	
1007	1007	677	
1008	1008	2630	
1009	1009	241	
1010	1010	-2500	
1011	1011	-728	
1012	1012	2410	
1013	1013	1519	
1014	1014	-1868	
1015	1015	-1912	
1016	1016	1529	
1017	1017	2402	
1018	1018	-679	
1019	1019	-2517	
1020	1020	203	
1021	1021	2633	
1022	1022	695	
1023	1023	-2374	
1024	1024	-1173	
1025	1025	2191	
1026	1026	1875	
1027	1027	-1519	
1028	1028	-2185	
1029	1029	1117	
1030	1030	2556	
1031	1031	-220	
1032	1032	-2550	
1033	1033	-266	
1034	1034	2555	
1035	1035	1121	
1036	1036	-2153	
1037	1037	-1570	
1038	1038	1897	
1039	1039	2170	
1040	1040	-1115	
1041	1041	-2390	
1042	1042	673	
1043	1043	2630	
1044	1044	238	
1045	1045	-2502	
1046	1046	-733	
1047	1047	2412	
1048	1048	1519	
1049	1049	-1874	
1050	1050	-1916	
1051	1051	1528	
1052	1052	2401	
1053	1053	-688	
1054	1054	-2512	
1055	1055	211	
1056	1056	2632	
1057	1057	695	
1058	1058	-2367	
1059	1059	-1172	
1060	1060	2184	
1061	1061	1874	
1062	1062	-1514	
1063	1063	-2188	
1064	1064	1112	
1065	1065	2553	
1066	1066	-224	
1067	1067	-2546	
1068	1068	-270	
1069	1069	2554	
1070	1070	1129	
1071	1071	-2151	
1072	1072	-1564	
1073	1073	1892	
1074	1074	2173	
1075	1075	-1115	
1076	1076	-2388	
1077	1077	675	
1078	1078	2628	
1079	1079	236	
1080	1080	-2499	
1081	1081	-734	
1082	1082	2407	
1083	1083	1521	
1084	1084	-1866	
1085	1085	-1912	
1086	1086	1533	
1087	1087	2402	
1088	1088	-680	
1089	1089	-2516	
1090	1090	206	
1091	1091	2637	
1092	1092	693	
1093	1093	-2363	
1094	1094	-1167	
1095	1095	2188	
1096	1096	1873	
1097	1097	-1514	
1098	1098	-2184	
1099	1099	1113	
1100	1100	2558	
1101	1101	-222	
1102	1102	-2544	
1103	1103	-268	
1104	1104	2561	
1105	1105	1123	
1106	1106	-2151	
1107	1107	-1565	
1108	1108	1896	
1109	1109	2169	
1110	1110	-1115	
1111	1111	-2390	
1112	1112	672	
1113	1113	2635	
1114	1114	241	
1115	1115	-2501	
1116	1116	-728	
1117	1117	2412	
1118	1118	1523	
1119	1119	-1864	
1120	1120	-1910	
1121	1121	1531	
1122	1122	2399	
1123	1123	-679	
1124	1124	-2512	
1125	1125	211	
1126	1126	2633	
1127	1127	688	
1128	1128	-2366	
1129	1129	-1166	
1130	1130	2188	
1131	1131	1874	
1132	1132	-1517	
1133	1133	-2191	
1134	1134	1122	
1135	1135	2558	
1136	1136	-228	
1137	1137	-2545	
1138	1138	-266	
1139	1139	2564	
1140	1140	1124	
1141	1141	-2154	
1142	1142	-1566	
1143	1143	1893	
1144	1144	2171	
1145	1145	-1118	
1146	1146	-2388	
1147	1147	674	
1148	1148	2637	
1149	1149	241	
1150	1150	-2503	
1151	1151	-729	
1152	1152	2412	
1153	1153	1519	
1154	1154	-1864	
1155	1155	-1905	
1156	1156	1534	
1157	1157	2408	
1158	1158	-682	
1159	1159	-2514	
1160	1160	208	
1161	1161	2634	
1162	1162	694	
1163	1163	-2364	
1164	1164	-1167	
1165	1165	2190	
1166	1166	1875	
1167	1167	-1516	
1168	1168	-2190	
1169	1169	1121	
1170	1170	2554	
1171	1171	-225	
1172	1172	-2558	
1173	1173	-263	
1174	1174	2563	
1175	1175	1128	
1176	1176	-2150	
1177	1177	-1567	
1178	1178	1890	
1179	1179	2175	
1180	1180	-1112	
1181	1181	-2386	
1182	1182	679	
1183	1183	2638	
1184	1184	243	
1185	1185	-2507	
1186	1186	-730	
1187	1187	2414	
1188	1188	1517	
1189	1189	-1867	
1190	1190	-1907	
1191	1191	1535	
1192	1192	2402	
1193	1193	-682	
1194	1194	-2514	
1195	1195	202	
1196	1196	2629	
1197	1197	687	
1198	1198	-2371	
1199	1199	-1168	
1200	1200	2187	
1201	1201	1870	
1202	1202	-1514	
1203	1203	-2187	
1204	1204	1117	
1205	1205	2560	
1206	1206	-218	
1207	1207	-2549	
1208	1208	-271	
1209	1209	2564	
1210	1210	1119	
1211	1211	-2150	
1212	1212	-1568	
1213	1213	1890	
1214	1214	2166	
1215	1215	-1115	
1216	1216	-2391	
1217	1217	676	
1218	1218	2634	
1219	1219	245	
1220	1220	-2496	
1221	1221	-730	
1222	1222	2413	
1223	1223	1523	
1224	1224	-1861	
1225	1225	-1907	
1226	1226	1535	
1227	1227	2401	
1228	1228	-680	
1229	1229	-2516	
1230	1230	204	
1231	1231	2633	
1232	1232	693	
1233	1233	-2366	
1234	1234	-1165	
1235	1235	2186	
1236	1236	1870	
1237	1237	-1515	
1238	1238	-2186	
1239	1239	1121	
1240	1240	2559	
1241	1241	-223	
1242	1242	-2551	
1243	1243	-271	
1244	1244	2558	
1245	1245	1119	
1246	1246	-2151	
1247	1247	-1565	
1248	1248	1891	
1249	1249	2171	
1250	1250	-1117	
1251	1251	-2389	
1252	1252	668	
1253	1253	2630	
1254	1254	242	
1255	1255	-2498	
1256	1256	-730	
1257	1257	2413	
1258	1258	1522	
1259	1259	-1859	
1260	1260	-1911	
1261	1261	1536	
1262	1262	2402	
1263	1263	-679	
1264	1264	-2516	
1265	1265	206	
1266	1266	2633	
1267	1267	695	
1268	1268	-2364	
1269	1269	-1169	
1270	1270	2188	
1271	1271	1873	
1272	1272	-1516	
1273	1273	-2183	
1274	1274	1118	
1275	1275	2554	
1276	1276	-224	
1277	1277	-2552	
1278	1278	-269	
1279	1279	2555	
1280	1280	1124	
1281	1281	-2155	
1282	1282	-1568	
1283	1283	1891	
1284	1284	2170	
1285	1285	-1114	
1286	1286	-2390	
1287	1287	678	
1288	1288	2631	
1289	1289	238	
1290	1290	-2507	
1291	1291	-733	
1292	1292	2411	
1293	1293	1523	
1294	1294	-1869	
1295	1295	-1912	
1296	1296	1527	
1297	1297	2400	
1298	1298	-683	
1299	1299	-2512	
1300	1300	202	
1301	1301	2634	
1302	1302	691	
1303	1303	-2365	
1304	1304	-1175	
1305	1305	2185	
1306	1306	1876	
1307	1307	-1516	
1308	1308	-2188	
1309	1309	1118	
1310	1310	2552	
1311	1311	-224	
1312	1312	-2558	
1313	1313	-270	
1314	1314	2561	
1315	1315	1125	
1316	1316	-2149	
1317	1317	-1568	
1318	1318	1887	
1319	1319	2166	
1320	1320	-1117	
1321	1321	-2391	
1322	1322	675	
1323	1323	2633	
1324	1324	244	
1325	1325	-2504	
1326	1326	-731	
1327	1327	2413	
1328	1328	1517	
1329	1329	-1865	
1330	1330	-1910	
1331	1331	1527	
1332	1332	2398	
1333	1333	-679	
1334	1334	-2516	
1335	1335	203	
1336	1336	2631	
1337	1337	691	
1338	1338	-2367	
1339	1339	-1175	
1340	1340	2190	
1341	1341	1874	
1342	1342	-1509	
1343	1343	-2187	
1344	1344	1124	
1345	1345	2558	
1346	1346	-226	
1347	1347	-2547	
1348	1348	-267	
1349	1349	2560	
1350	1350	1126	
1351	1351	-2153	
1352	1352	-1565	
1353	1353	1887	
1354	1354	2170	
1355	1355	-1117	
1356	1356	-2394	
1357	1357	667	
1358	1358	2636	
1359	1359	229	
1360	1360	-2507	
1361	1361	-729	
1362	1362	2409	
1363	1363	1519	
1364	1364	-1871	
1365	1365	-1910	
1366	1366	1535	
1367	1367	2404	
1368	1368	-682	
1369	1369	-2512	
1370	1370	205	
1371	1371	2631	
1372	1372	688	
1373	1373	-2360	
1374	1374	-1168	
1375	1375	2186	
1376	1376	1878	
1377	1377	-1511	
1378	1378	-2190	
1379	1379	1118	
1380	1380	2553	
1381	1381	-218	
1382	1382	-2550	
1383	1383	-272	
1384	1384	2560	
1385	1385	1121	
1386	1386	-2150	
1387	1387	-1562	
1388	1388	1887	
1389	1389	2165	
1390	1390	-1116	
1391	1391	-2393	
1392	1392	669	
1393	1393	2635	
1394	1394	242	
1395	1395	-2504	
1396	1396	-731	
1397	1397	2409	
1398	1398	1519	
1399	1399	-1858	
1400	1400	-1907	
1401	1401	1530	
1402	1402	2400	
1403	1403	-685	
1404	1404	-2516	
1405	1405	211	
1406	1406	2636	
1407	1407	694	
1408	1408	-2374	
1409	1409	-1166	
1410	1410	2189	
1411	1411	1877	
1412	1412	-1518	
1413	1413	-2186	
1414	1414	1121	
1415	1415	2555	
1416	1416	-220	
1417	1417	-2551	
1418	1418	-265	
1419	1419	2558	
1420	1420	1126	
1421	1421	-2149	
1422	1422	-1574	
1423	1423	1886	
1424	1424	2170	
1425	1425	-1117	
1426	1426	-2396	
1427	1427	675	
1428	1428	2635	
1429	1429	245	
1430	1430	-2502	
1431	1431	-731	
1432	1432	2411	
1433	1433	1519	
1434	1434	-1872	
1435	1435	-1915	
1436	1436	1532	
1437	1437	2399	
1438	1438	-684	
1439	1439	-2515	
1440	1440	201	
1441	1441	2632	
1442	1442	695	
1443	1443	-2365	
1444	1444	-1172	
1445	1445	2188	
1446	1446	1874	
1447	1447	-1514	
1448	1448	-2185	
1449	1449	1120	
1450	1450	2559	
1451	1451	-223	
1452	1452	-2550	
1453	1453	-264	
1454	1454	2561	
1455	1455	1126	
1456	1456	-2153	
1457	1457	-1564	
1458	1458	1889	
1459	1459	2167	
1460	1460	-1115	
1461	1461	-2390	
1462	1462	675	
1463	1463	2637	
1464	1464	234	
1465	1465	-2503	
1466	1466	-734	
1467	1467	2410	
1468	1468	1517	
1469	1469	-1867	
1470	1470	-1909	
1471	1471	1529	
1472	1472	2401	
1473	1473	-678	
1474	1474	-2519	
1475	1475	203	
1476	1476	2631	
1477	1477	685	
1478	1478	-2368	
1479	1479	-1171	
1480	1480	2188	
1481	1481	1873	
1482	1482	-1518	
1483	1483	-2191	
1484	1484	1117	
1485	1485	2553	
1486	1486	-229	
1487	1487	-2552	
1488	1488	-267	
1489	1489	2550	
1490	1490	1119	
1491	1491	-2155	
1492	1492	-1569	
1493	1493	1891	
1494	1494	2168	
1495	1495	-1120	
1496	1496	-2393	
1497	1497	670	
1498	1498	2632	
1499	1499	237	
1500	1500	-2506	
1501	1501	-738	
1502	1502	2408	
1503	1503	1519	
1504	1504	-1870	
1505	1505	-1909	
1506	1506	1526	
1507	1507	2396	
1508	1508	-682	
1509	1509	-2516	
1510	1510	206	
1511	1511	2629	
1512	1512	687	
1513	1513	-2365	
1514	1514	-1169	
1515	1515	2189	
1516	1516	1875	
1517	1517	-1520	
1518	1518	-2192	
1519	1519	1120	
1520	1520	2560	
1521	1521	-225	
1522	1522	-2552	
1523	1523	-267	
1524	1524	2557	
1525	1525	1117	
1526	1526	-2153	
1527	1527	-1570	
1528	1528	1888	
1529	1529	2170	
1530	1530	-1114	
1531	1531	-2391	
1532	1532	675	
1533	1533	2632	
1534	1534	242	
1535	1535	-2502	
1536	1536	-732	
1537	1537	2412	
1538	1538	1528	
1539	1539	-1868	
1540	1540	-1909	
1541	1541	1526	
1542	1542	2403	
1543	1543	-681	
1544	1544	-2518	
1545	1545	205	
1546	1546	2627	
1547	1547	691	
1548	1548	-2371	
1549	1549	-1171	
1550	1550	2186	
1551	1551	1876	
1552	1552	-1516	
1553	1553	-2185	
1554	1554	1124	
1555	1555	2555	
1556	1556	-219	
1557	1557	-2553	
1558	1558	-274	
1559	1559	2559	
1560	1560	1125	
1561	1561	-2155	
1562	1562	-1570	
1563	1563	1889	
1564	1564	2164	
1565	1565	-1118	
1566	1566	-2397	
1567	1567	673	
1568	1568	2633	
1569	1569	238	
1570	1570	-2502	
1571	1571	-733	
1572	1572	2410	
1573	1573	1519	
1574	1574	-1861	
1575	1575	-1910	
1576	1576	1531	
1577	1577	2406	
1578	1578	-682	
1579	1579	-2515	
1580	1580	205	
1581	1581	2633	
1582	1582	696	
1583	1583	-2369	
1584	1584	-1171	
1585	1585	2189	
1586	1586	1873	
1587	1587	-1516	
1588	1588	-2193	
1589	1589	1120	
1590	1590	2554	
1591	1591	-226	
1592	1592	-2552	
1593	1593	-266	
1594	1594	2563	
1595	1595	1121	
1596	1596	-2150	
1597	1597	-1567	
1598	1598	1889	
1599	1599	2173	
1600	1600	-1115	
1601	1601	-2391	
1602	1602	671	
1603	1603	2632	
1604	1604	240	
1605	1605	-2499	
1606	1606	-737	
1607	1607	2411	
1608	1608	1518	
1609	1609	-1867	
1610	1610	-1908	
1611	1611	1529	
1612	1612	2401	
1613	1613	-678	
1614	1614	-2516	
1615	1615	211	
1616	1616	2630	
1617	1617	685	
1618	1618	-2367	
1619	1619	-1168	
1620	1620	2184	
1621	1621	1870	
1622	1622	-1518	
1623	1623	-2193	
1624	1624	1127	
1625	1625	2557	
1626	1626	-226	
1627	1627	-2550	
1628	1628	-262	
1629	1629	2559	
1630	1630	1124	
1631	1631	-2152	
1632	1632	-1567	
1633	1633	1890	
1634	1634	2168	
1635	1635	-1111	
1636	1636	-2392	
1637	1637	671	
1638	1638	2634	
1639	1639	235	
1640	1640	-2499	
1641	1641	-732	
1642	1642	2412	
1643	1643	1515	
1644	1644	-1861	
1645	1645	-1910	
1646	1646	1533	
1647	1647	2402	
1648	1648	-673	
1649	1649	-2513	
1650	1650	204	
1651	1651	2633	
1652	1652	695	
1653	1653	-2362	
1654	1654	-1168	
1655	1655	2188	
1656	1656	1874	
1657	1657	-1515	
1658	1658	-2186	
1659	1659	1117	
1660	1660	2552	
1661	1661	-226	
1662	1662	-2549	
1663	1663	-266	
1664	1664	2561	
1665	1665	1128	
1666	1666	-2151	
1667	1667	-1566	
1668	1668	1897	
1669	1669	2172	
1670	1670	-1113	
1671	1671	-2390	
1672	1672	673	
1673	1673	2633	
1674	1674	236	
1675	1675	-2501	
1676	1676	-731	
1677	1677	2414	
1678	1678	1524	
1679	1679	-1861	
1680	1680	-1903	
1681	1681	1528	
1682	1682	2402	
1683	1683	-681	
1684	1684	-2514	
1685	1685	201	
1686	1686	2634	
1687	1687	690	
1688	1688	-2363	
1689	1689	-1172	
1690	1690	2185	
1691	1691	1875	
1692	1692	-1508	
1693	1693	-2186	
1694	1694	1119	
1695	1695	2554	
1696	1696	-224	
1697	1697	-2551	
1698	1698	-270	
1699	1699	2560	
1700	1700	1127	
1701	1701	-2155	
1702	1702	-1565	
1703	1703	1895	
1704	1704	2172	
1705	1705	-1112	
1706	1706	-2394	
1707	1707	680	
1708	1708	2639	
1709	1709	242	
1710	1710	-2498	
1711	1711	-727	
1712	1712	2404	
1713	1713	1524	
1714	1714	-1863	
1715	1715	-1908	
1716	1716	1534	
1717	1717	2403	
1718	1718	-680	
1719	1719	-2518	
1720	1720	197	
1721	1721	2634	
1722	1722	686	
1723	1723	-2371	
1724	1724	-1169	
1725	1725	2193	
1726	1726	1874	
1727	1727	-1511	
1728	1728	-2182	
1729	1729	1125	
1730	1730	2554	
1731	1731	-223	
1732	1732	-2550	
1733	1733	-261	
1734	1734	2563	
1735	1735	1125	
1736	1736	-2149	
1737	1737	-1564	
1738	1738	1894	
1739	1739	2168	
1740	1740	-1113	
1741	1741	-2386	
1742	1742	672	
1743	1743	2635	
1744	1744	243	
1745	1745	-2496	
1746	1746	-726	
1747	1747	2411	
1748	1748	1522	
1749	1749	-1863	
1750	1750	-1908	
1751	1751	1529	
1752	1752	2407	
1753	1753	-678	
1754	1754	-2511	
1755	1755	205	
1756	1756	2633	
1757	1757	690	
1758	1758	-2368	
1759	1759	-1170	
1760	1760	2183	
1761	1761	1873	
1762	1762	-1513	
1763	1763	-2185	
1764	1764	1120	
1765	1765	2556	
1766	1766	-214	
1767	1767	-2551	
1768	1768	-263	
1769	1769	2558	
1770	1770	1128	
1771	1771	-2147	
1772	1772	-1566	
1773	1773	1894	
1774	1774	2176	
1775	1775	-1116	
1776	1776	-2385	
1777	1777	674	
1778	1778	2631	
1779	1779	242	
1780	1780	-2500	
1781	1781	-732	
1782	1782	2412	
1783	1783	1526	
1784	1784	-1860	
1785	1785	-1908	
1786	1786	1532	
1787	1787	2398	
1788	1788	-676	
1789	1789	-2510	
1790	1790	209	
1791	1791	2632	
1792	1792	695	
1793	1793	-2360	
1794	1794	-1172	
1795	1795	2185	
1796	1796	1873	
1797	1797	-1514	
1798	1798	-2189	
1799	1799	1121	
1800	1800	2556	
1801	1801	-216	
1802	1802	-2545	
1803	1803	-265	
1804	1804	2561	
1805	1805	1125	
1806	1806	-2150	
1807	1807	-1565	
1808	1808	1893	
1809	1809	2170	
1810	1810	-1116	
1811	1811	-2391	
1812	1812	675	
1813	1813	2633	
1814	1814	244	
1815	1815	-2496	
1816	1816	-726	
1817	1817	2410	
1818	1818	1522	
1819	1819	-1869	
1820	1820	-1912	
1821	1821	1526	
1822	1822	2402	
1823	1823	-679	
1824	1824	-2512	
1825	1825	205	
1826	1826	2631	
1827	1827	692	
1828	1828	-2369	
1829	1829	-1170	
1830	1830	2193	
1831	1831	1878	
1832	1832	-1513	
1833	1833	-2187	
1834	1834	1121	
1835	1835	2556	
1836	1836	-219	
1837	1837	-2554	
1838	1838	-271	
1839	1839	2557	
1840	1840	1124	
1841	1841	-2153	
1842	1842	-1565	
1843	1843	1889	
1844	1844	2174	
1845	1845	-1113	
1846	1846	-2383	
1847	1847	677	
1848	1848	2636	
1849	1849	239	
1850	1850	-2501	
1851	1851	-731	
1852	1852	2416	
1853	1853	1525	
1854	1854	-1863	
1855	1855	-1906	
1856	1856	1531	
1857	1857	2399	
1858	1858	-677	
1859	1859	-2512	
1860	1860	210	
1861	1861	2634	
1862	1862	695	
1863	1863	-2361	
1864	1864	-1167	
1865	1865	2190	
1866	1866	1873	
1867	1867	-1512	
1868	1868	-2188	
1869	1869	1115	
1870	1870	2556	
1871	1871	-226	
1872	1872	-2552	
1873	1873	-265	
1874	1874	2561	
1875	1875	1125	
1876	1876	-2148	
1877	1877	-1559	
1878	1878	1885	
1879	1879	2179	
1880	1880	-1119	
1881	1881	-2391	
1882	1882	672	
1883	1883	2635	
1884	1884	231	
1885	1885	-2498	
1886	1886	-734	
1887	1887	2413	
1888	1888	1522	
1889	1889	-1868	
1890	1890	-1907	
1891	1891	1534	
1892	1892	2404	
1893	1893	-674	
1894	1894	-2512	
1895	1895	205	
1896	1896	2637	
1897	1897	695	
1898	1898	-2363	
1899	1899	-1167	
1900	1900	2187	
1901	1901	1877	
1902	1902	-1516	
1903	1903	-2193	
1904	1904	1120	
1905	1905	2553	
1906	1906	-219	
1907	1907	-2554	
1908	1908	-269	
1909	1909	2559	
1910	1910	1126	
1911	1911	-2152	
1912	1912	-1571	
1913	1913	1894	
1914	1914	2171	
1915	1915	-1118	
1916	1916	-2394	
1917	1917	674	
1918	1918	2633	
1919	1919	244	
1920	1920	-2500	
1921	1921	-732	
1922	1922	2408	
1923	1923	1522	
1924	1924	-1863	
1925	1925	-1906	
1926	1926	1523	
1927	1927	2397	
1928	1928	-682	
1929	1929	-2514	
1930	1930	207	
1931	1931	2633	
1932	1932	691	
1933	1933	-2364	
1934	1934	-1171	
1935	1935	2189	
1936	1936	1870	
1937	1937	-1516	
1938	1938	-2187	
1939	1939	1119	
1940	1940	2557	
1941	1941	-220	
1942	1942	-2554	
1943	1943	-266	
1944	1944	2559	
1945	1945	1127	
1946	1946	-2151	
1947	1947	-1566	
1948	1948	1888	
1949	1949	2174	
1950	1950	-1114	
1951	1951	-2392	
1952	1952	669	
1953	1953	2630	
1954	1954	243	
1955	1955	-2503	
1956	1956	-728	
1957	1957	2413	
1958	1958	1527	
1959	1959	-1864	
1960	1960	-1911	
1961	1961	1541	
1962	1962	2402	
1963	1963	-680	
1964	1964	-2514	
1965	1965	203	
1966	1966	2634	
1967	1967	692	
1968	1968	-2363	
1969	1969	-1165	
1970	1970	2190	
1971	1971	1873	
1972	1972	-1524	
1973	1973	-2188	
1974	1974	1127	
1975	1975	2556	
1976	1976	-221	
1977	1977	-2547	
1978	1978	-269	
1979	1979	2565	
1980	1980	1129	
1981	1981	-2153	
1982	1982	-1563	
1983	1983	1895	
1984	1984	2176	
1985	1985	-1110	
1986	1986	-2392	
1987	1987	671	
1988	1988	2630	
1989	1989	240	
1990	1990	-2504	
1991	1991	-733	
1992	1992	2407	
1993	1993	1525	
1994	1994	-1866	
1995	1995	-1903	
1996	1996	1534	
1997	1997	2401	
1998	1998	-676	
1999	1999	-2508	
2000	2000	204	
2001	2001	2637	
2002	2002	700	
2003	2003	-2365	
2004	2004	-1169	
2005	2005	2188	
2006	2006	1873	
2007	2007	-1512	
2008	2008	-2187	
2009	2009	1120	
2010	2010	2551	
2011	2011	-226	
2012	2012	-2551	
2013	2013	-267	
2014	2014	2557	
2015	2015	1126	
2016	2016	-2145	
2017	2017	-1569	
2018	2018	1891	
2019	2019	2165	
2020	2020	-1111	
2021	2021	-2395	
2022	2022	675	
2023	2023	2631	
2024	2024	244	
2025	2025	-2498	
2026	2026	-725	
2027	2027	2410	
2028	2028	1518	
2029	2029	-1866	
2030	2030	-1912	
2031	2031	1530	
2032	2032	2402	
2033	2033	-679	
2034	2034	-2510	
2035	2035	208	
2036	2036	2637	
2037	2037	684	
2038	2038	-2365	
2039	2039	-1171	
2040	2040	2190	
2041	2041	1878	
2042	2042	-1514	
2043	2043	-2183	
2044	2044	1120	
2045	2045	2556	
2046	2046	-215	
2047	2047	-2549	
2048	2048	-268	
2049	2049	2558	
2050	2050	1129	
2051	2051	-2149	
2052	2052	-1565	
2053	2053	1890	
2054	2054	2172	
2055	2055	-1111	
2056	2056	-2390	
2057	2057	676	
2058	2058	2633	
2059	2059	240	
2060	2060	-2499	
2061	2061	-732	
2062	2062	2410	
2063	2063	1522	
2064	2064	-1869	
2065	2065	-1910	
2066	2066	1530	
2067	2067	2397	
2068	2068	-680	
2069	2069	-2512	
2070	2070	208	
2071	2071	2632	
2072	2072	692	
2073	2073	-2365	
2074	2074	-1165	
2075	2075	2193	
2076	2076	1871	
2077	2077	-1517	
2078	2078	-2187	
2079	2079	1119	
2080	2080	2555	
2081	2081	-218	
2082	2082	-2546	
2083	2083	-265	
2084	2084	2561	
2085	2085	1123	
2086	2086	-2151	
2087	2087	-1567	
2088	2088	1889	
2089	2089	2170	
2090	2090	-1116	
2091	2091	-2387	
2092	2092	665	
2093	2093	2633	
2094	2094	239	
2095	2095	-2504	
2096	2096	-730	
2097	2097	2408	
2098	2098	1519	
2099	2099	-1867	
2100	2100	-1912	
2101	2101	1531	
2102	2102	2398	
2103	2103	-681	
2104	2104	-2514	
2105	2105	202	
2106	2106	2630	
2107	2107	690	
2108	2108	-2365	
2109	2109	-1169	
2110	2110	2187	
2111	2111	1871	
2112	2112	-1512	
2113	2113	-2181	
2114	2114	1116	
2115	2115	2551	
2116	2116	-222	
2117	2117	-2548	
2118	2118	-273	
2119	2119	2560	
2120	2120	1128	
2121	2121	-2153	
2122	2122	-1566	
2123	2123	1894	
2124	2124	2171	
2125	2125	-1119	
2126	2126	-2386	
2127	2127	672	
2128	2128	2633	
2129	2129	239	
2130	2130	-2502	
2131	2131	-734	
2132	2132	2409	
2133	2133	1515	
2134	2134	-1863	
2135	2135	-1912	
2136	2136	1532	
2137	2137	2401	
2138	2138	-678	
2139	2139	-2513	
2140	2140	205	
2141	2141	2632	
2142	2142	692	
2143	2143	-2373	
2144	2144	-1171	
2145	2145	2180	
2146	2146	1878	
2147	2147	-1516	
2148	2148	-2186	
2149	2149	1116	
2150	2150	2557	
2151	2151	-222	
2152	2152	-2553	
2153	2153	-263	
2154	2154	2559	
2155	2155	1122	
2156	2156	-2150	
2157	2157	-1564	
2158	2158	1889	
2159	2159	2169	
2160	2160	-1121	
2161	2161	-2397	
2162	2162	676	
2163	2163	2634	
2164	2164	236	
2165	2165	-2505	
2166	2166	-731	
2167	2167	2413	
2168	2168	1515	
2169	2169	-1861	
2170	2170	-1906	
2171	2171	1530	
2172	2172	2397	
2173	2173	-681	
2174	2174	-2515	
2175	2175	208	
2176	2176	2632	
2177	2177	694	
2178	2178	-2365	
2179	2179	-1169	
2180	2180	2187	
2181	2181	1877	
2182	2182	-1518	
2183	2183	-2190	
2184	2184	1119	
2185	2185	2557	
2186	2186	-221	
2187	2187	-2554	
2188	2188	-268	
2189	2189	2562	
2190	2190	1123	
2191	2191	-2151	
2192	2192	-1565	
2193	2193	1887	
2194	2194	2169	
2195	2195	-1116	
2196	2196	-2390	
2197	2197	669	
2198	2198	2631	
2199	2199	244	
2200	2200	-2499	
2201	2201	-731	
2202	2202	2409	
2203	2203	1524	
2204	2204	-1870	
2205	2205	-1904	
2206	2206	1534	
2207	2207	2403	
2208	2208	-676	
2209	2209	-2515	
2210	2210	207	
2211	2211	2635	
2212	2212	687	
2213	2213	-2368	
2214	2214	-1166	
2215	2215	2188	
2216	2216	1877	
2217	2217	-1506	
2218	2218	-2192	
2219	2219	1119	
2220	2220	2552	
2221	2221	-226	
2222	2222	-2558	
2223	2223	-269	
2224	2224	2558	
2225	2225	1125	
2226	2226	-2153	
2227	2227	-1564	
2228	2228	1893	
2229	2229	2173	
2230	2230	-1113	
2231	2231	-2392	
2232	2232	676	
2233	2233	2637	
2234	2234	240	
2235	2235	-2501	
2236	2236	-731	
2237	2237	2408	
2238	2238	1522	
2239	2239	-1870	
2240	2240	-1912	
2241	2241	1534	
2242	2242	2405	
2243	2243	-672	
2244	2244	-2511	
2245	2245	208	
2246	2246	2636	
2247	2247	695	
2248	2248	-2362	
2249	2249	-1170	
2250	2250	2188	
2251	2251	1879	
2252	2252	-1515	
2253	2253	-2186	
2254	2254	1118	
2255	2255	2560	
2256	2256	-223	
2257	2257	-2551	
2258	2258	-270	
2259	2259	2558	
2260	2260	1124	
2261	2261	-2150	
2262	2262	-1572	
2263	2263	1892	
2264	2264	2173	
2265	2265	-1109	
2266	2266	-2393	
2267	2267	677	
2268	2268	2638	
2269	2269	241	
2270	2270	-2504	
2271	2271	-737	
2272	2272	2413	
2273	2273	1524	
2274	2274	-1861	
2275	2275	-1910	
2276	2276	1528	
2277	2277	2400	
2278	2278	-679	
2279	2279	-2511	
2280	2280	206	
2281	2281	2634	
2282	2282	693	
2283	2283	-2369	
2284	2284	-1174	
2285	2285	2190	
2286	2286	1874	
2287	2287	-1516	
2288	2288	-2188	
2289	2289	1126	
2290	2290	2559	
2291	2291	-222	
2292	2292	-2556	
2293	2293	-272	
2294	2294	2558	
2295	2295	1123	
2296	2296	-2153	
2297	2297	-1564	
2298	2298	1893	
2299	2299	2178	
2300	2300	-1114	
2301	2301	-2388	
2302	2302	668	
2303	2303	2633	
2304	2304	244	
2305	2305	-2502	
2306	2306	-731	
2307	2307	2407	
2308	2308	1524	
2309	2309	-1862	
2310	2310	-1906	
2311	2311	1528	
2312	2312	2400	
2313	2313	-680	
2314	2314	-2514	
2315	2315	205	
2316	2316	2634	
2317	2317	695	
2318	2318	-2369	
2319	2319	-1172	
2320	2320	2182	
2321	2321	1873	
2322	2322	-1516	
2323	2323	-2186	
2324	2324	1122	
2325	2325	2552	
2326	2326	-217	
2327	2327	-2546	
2328	2328	-269	
2329	2329	2565	
2330	2330	1132	
2331	2331	-2147	
2332	2332	-1562	
2333	2333	1894	
2334	2334	2167	
2335	2335	-1114	
2336	2336	-2388	
2337	2337	674	
2338	2338	2631	
2339	2339	239	
2340	2340	-2503	
2341	2341	-728	
2342	2342	2416	
2343	2343	1523	
2344	2344	-1861	
2345	2345	-1908	
2346	2346	1531	
2347	2347	2404	
2348	2348	-680	
2349	2349	-2515	
2350	2350	211	
2351	2351	2632	
2352	2352	691	
2353	2353	-2369	
2354	2354	-1172	
2355	2355	2187	
2356	2356	1874	
2357	2357	-1517	
2358	2358	-2187	
2359	2359	1121	
2360	2360	2552	
2361	2361	-227	
2362	2362	-2554	
2363	2363	-269	
2364	2364	2560	
2365	2365	1122	
2366	2366	-2149	
2367	2367	-1566	
2368	2368	1891	
2369	2369	2169	
2370	2370	-1115	
2371	2371	-2388	
2372	2372	673	
2373	2373	2631	
2374	2374	238	
2375	2375	-2500	
2376	2376	-733	
2377	2377	2409	
2378	2378	1522	
2379	2379	-1862	
2380	2380	-1911	
2381	2381	1529	
2382	2382	2405	
2383	2383	-679	
2384	2384	-2515	
2385	2385	200	
2386	2386	2634	
2387	2387	686	
2388	2388	-2370	
2389	2389	-1169	
2390	2390	2190	
2391	2391	1878	
2392	2392	-1515	
2393	2393	-2186	
2394	2394	1127	
2395	2395	2559	
2396	2396	-216	
2397	2397	-2548	
2398	2398	-262	
2399	2399	2559	
2400	2400	1123	
2401	2401	-2151	
2402	2402	-1567	
2403	2403	1891	
2404	2404	2172	
2405	2405	-1112	
2406	2406	-2390	
2407	2407	676	
2408	2408	2630	
2409	2409	241	
2410	2410	-2499	
2411	2411	-734	
2412	2412	2412	
2413	2413	1523	
2414	2414	-1862	
2415	2415	-1904	
2416	2416	1530	
2417	2417	2402	
2418	2418	-679	
2419	2419	-2513	
2420	2420	201	
2421	2421	2636	
2422	2422	684	
2423	2423	-2363	
2424	2424	-1165	
2425	2425	2190	
2426	2426	1881	
2427	2427	-1513	
2428	2428	-2188	
2429	2429	1120	
2430	2430	2559	
2431	2431	-221	
2432	2432	-2548	
2433	2433	-271	
2434	2434	2557	
2435	2435	1126	
2436	2436	-2147	
2437	2437	-1565	
2438	2438	1891	
2439	2439	2172	
2440	2440	-1115	
2441	2441	-2389	
2442	2442	674	
2443	2443	2635	
2444	2444	236	
2445	2445	-2498	
2446	2446	-732	
2447	2447	2413	
2448	2448	1526	
2449	2449	-1863	
2450	2450	-1900	
2451	2451	1530	
2452	2452	2402	
2453	2453	-678	
2454	2454	-2511	
2455	2455	208	
2456	2456	2634	
2457	2457	690	
2458	2458	-2361	
2459	2459	-1165	
2460	2460	2183	
2461	2461	1872	
2462	2462	-1517	
2463	2463	-2193	
2464	2464	1117	
2465	2465	2556	
2466	2466	-221	
2467	2467	-2544	
2468	2468	-269	
2469	2469	2556	
2470	2470	1129	
2471	2471	-2154	
2472	2472	-1567	
2473	2473	1887	
2474	2474	2170	
2475	2475	-1115	
2476	2476	-2390	
2477	2477	676	
2478	2478	2629	
2479	2479	239	
2480	2480	-2496	
2481	2481	-732	
2482	2482	2409	
2483	2483	1520	
2484	2484	-1867	
2485	2485	-1916	
2486	2486	1536	
2487	2487	2403	
2488	2488	-676	
2489	2489	-2520	
2490	2490	207	
2491	2491	2631	
2492	2492	692	
2493	2493	-2371	
2494	2494	-1171	
2495	2495	2183	
2496	2496	1878	
2497	2497	-1510	
2498	2498	-2185	
2499	2499	1119	
2500	2500	2556	
2501	2501	-218	
2502	2502	-2550	
2503	2503	-266	
2504	2504	2557	
2505	2505	1117	
2506	2506	-2153	
2507	2507	-1569	
2508	2508	1891	
2509	2509	2170	
2510	2510	-1113	
2511	2511	-2390	
2512	2512	675	
2513	2513	2636	
2514	2514	244	
2515	2515	-2499	
2516	2516	-733	
2517	2517	2411	
2518	2518	1527	
2519	2519	-1869	
2520	2520	-1908	
2521	2521	1532	
2522	2522	2401	
2523	2523	-682	
2524	2524	-2511	
2525	2525	205	
2526	2526	2635	
2527	2527	687	
2528	2528	-2360	
2529	2529	-1170	
2530	2530	2189	
2531	2531	1873	
2532	2532	-1515	
2533	2533	-2184	
2534	2534	1122	
2535	2535	2559	
2536	2536	-219	
2537	2537	-2549	
2538	2538	-269	
2539	2539	2561	
2540	2540	1128	
2541	2541	-2153	
2542	2542	-1571	
2543	2543	1890	
2544	2544	2177	
2545	2545	-1121	
2546	2546	-2389	
2547	2547	670	
2548	2548	2634	
2549	2549	241	
2550	2550	-2501	
2551	2551	-731	
2552	2552	2412	
2553	2553	1522	
2554	2554	-1864	
2555	2555	-1908	
2556	2556	1530	
2557	2557	2404	
2558	2558	-676	
2559	2559	-2512	
2560	2560	201	
2561	2561	2635	
2562	2562	694	
2563	2563	-2364	
2564	2564	-1169	
2565	2565	2192	
2566	2566	1875	
2567	2567	-1512	
2568	2568	-2186	
2569	2569	1120	
2570	2570	2551	
2571	2571	-228	
2572	2572	-2550	
2573	2573	-263	
2574	2574	2557	
2575	2575	1127	
2576	2576	-2150	
2577	2577	-1564	
2578	2578	1893	
2579	2579	2171	
2580	2580	-1120	
2581	2581	-2387	
2582	2582	673	
2583	2583	2629	
2584	2584	238	
2585	2585	-2495	
2586	2586	-735	
2587	2587	2411	
2588	2588	1520	
2589	2589	-1860	
2590	2590	-1907	
2591	2591	1538	
2592	2592	2403	
2593	2593	-683	
2594	2594	-2515	
2595	2595	203	
2596	2596	2628	
2597	2597	694	
2598	2598	-2368	
2599	2599	-1167	
2600	2600	2185	
2601	2601	1872	
2602	2602	-1514	
2603	2603	-2186	
2604	2604	1122	
2605	2605	2550	
2606	2606	-225	
2607	2607	-2554	
2608	2608	-269	
2609	2609	2561	
2610	2610	1123	
2611	2611	-2148	
2612	2612	-1564	
2613	2613	1889	
2614	2614	2175	
2615	2615	-1115	
2616	2616	-2392	
2617	2617	671	
2618	2618	2627	
2619	2619	244	
2620	2620	-2504	
2621	2621	-734	
2622	2622	2410	
2623	2623	1520	
2624	2624	-1864	
2625	2625	-1904	
2626	2626	1531	
2627	2627	2400	
2628	2628	-678	
2629	2629	-2508	
2630	2630	204	
2631	2631	2635	
2632	2632	699	
2633	2633	-2367	
2634	2634	-1169	
2635	2635	2192	
2636	2636	1875	
2637	2637	-1516	
2638	2638	-2185	
2639	2639	1121	
2640	2640	2557	
2641	2641	-219	
2642	2642	-2549	
2643	2643	-269	
2644	2644	2560	
2645	2645	1127	
2646	2646	-2153	
2647	2647	-1568	
2648	2648	1890	
2649	2649	2177	
2650	2650	-1119	
2651	2651	-2392	
2652	2652	674	
2653	2653	2632	
2654	2654	244	
2655	2655	-2501	
2656	2656	-727	
2657	2657	2412	
2658	2658	1524	
2659	2659	-1864	
2660	2660	-1910	
2661	2661	1527	
2662	2662	2401	
2663	2663	-680	
2664	2664	-2513	
2665	2665	204	
2666	2666	2632	
2667	2667	689	
2668	2668	-2363	
2669	2669	-1164	
2670	2670	2188	
2671	2671	1873	
2672	2672	-1515	
2673	2673	-2187	
2674	2674	1113	
2675	2675	2556	
2676	2676	-221	
2677	2677	-2545	
2678	2678	-270	
2679	2679	2561	
2680	2680	1126	
2681	2681	-2148	
2682	2682	-1565	
2683	2683	1898	
2684	2684	2175	
2685	2685	-1115	
2686	2686	-2388	
2687	2687	674	
2688	2688	2632	
2689	2689	239	
2690	2690	-2504	
2691	2691	-734	
2692	2692	2412	
2693	2693	1518	
2694	2694	-1867	
2695	2695	-1911	
2696	2696	1525	
2697	2697	2397	
2698	2698	-676	
2699	2699	-2513	
2700	2700	210	
2701	2701	2634	
2702	2702	695	
2703	2703	-2365	
2704	2704	-1161	
2705	2705	2184	
2706	2706	1875	
2707	2707	-1517	
2708	2708	-2186	
2709	2709	1120	
2710	2710	2554	
2711	2711	-224	
2712	2712	-2550	
2713	2713	-268	
2714	2714	2560	
2715	2715	1122	
2716	2716	-2156	
2717	2717	-1566	
2718	2718	1891	
2719	2719	2176	
2720	2720	-1114	
2721	2721	-2388	
2722	2722	674	
2723	2723	2632	
2724	2724	241	
2725	2725	-2500	
2726	2726	-731	
2727	2727	2410	
2728	2728	1524	
2729	2729	-1871	
2730	2730	-1913	
2731	2731	1535	
2732	2732	2401	
2733	2733	-684	
2734	2734	-2516	
2735	2735	210	
2736	2736	2633	
2737	2737	699	
2738	2738	-2363	
2739	2739	-1166	
2740	2740	2185	
2741	2741	1874	
2742	2742	-1515	
2743	2743	-2187	
2744	2744	1121	
2745	2745	2557	
2746	2746	-222	
2747	2747	-2553	
2748	2748	-272	
2749	2749	2561	
2750	2750	1125	
2751	2751	-2147	
2752	2752	-1567	
2753	2753	1892	
2754	2754	2173	
2755	2755	-1117	
2756	2756	-2391	
2757	2757	671	
2758	2758	2634	
2759	2759	244	
2760	2760	-2499	
2761	2761	-732	
2762	2762	2409	
2763	2763	1515	
2764	2764	-1864	
2765	2765	-1903	
2766	2766	1533	
2767	2767	2402	
2768	2768	-679	
2769	2769	-2516	
2770	2770	203	
2771	2771	2635	
2772	2772	692	
2773	2773	-2367	
2774	2774	-1166	
2775	2775	2191	
2776	2776	1877	
2777	2777	-1516	
2778	2778	-2187	
2779	2779	1116	
2780	2780	2553	
2781	2781	-219	
2782	2782	-2545	
2783	2783	-269	
2784	2784	2554	
2785	2785	1123	
2786	2786	-2151	
2787	2787	-1572	
2788	2788	1887	
2789	2789	2165	
2790	2790	-1113	
2791	2791	-2398	
2792	2792	680	
2793	2793	2636	
2794	2794	239	
2795	2795	-2499	
2796	2796	-726	
2797	2797	2413	
2798	2798	1520	
2799	2799	-1865	
2800	2800	-1912	
2801	2801	1532	
2802	2802	2398	
2803	2803	-680	
2804	2804	-2513	
2805	2805	203	
2806	2806	2637	
2807	2807	692	
2808	2808	-2365	
2809	2809	-1175	
2810	2810	2185	
2811	2811	1873	
2812	2812	-1515	
2813	2813	-2185	
2814	2814	1122	
2815	2815	2555	
2816	2816	-222	
2817	2817	-2552	
2818	2818	-264	
2819	2819	2561	
2820	2820	1124	
2821	2821	-2151	
2822	2822	-1566	
2823	2823	1890	
2824	2824	2170	
2825	2825	-1119	
2826	2826	-2391	
2827	2827	672	
2828	2828	2629	
2829	2829	243	
2830	2830	-2508	
2831	2831	-725	
2832	2832	2413	
2833	2833	1521	
2834	2834	-1869	
2835	2835	-1912	
2836	2836	1532	
2837	2837	2402	
2838	2838	-678	
2839	2839	-2518	
2840	2840	205	
2841	2841	2632	
2842	2842	693	
2843	2843	-2367	
2844	2844	-1168	
2845	2845	2189	
2846	2846	1875	
2847	2847	-1514	
2848	2848	-2187	
2849	2849	1115	
2850	2850	2554	
2851	2851	-223	
2852	2852	-2549	
2853	2853	-268	
2854	2854	2561	
2855	2855	1122	
2856	2856	-2154	
2857	2857	-1566	
2858	2858	1892	
2859	2859	2167	
2860	2860	-1115	
2861	2861	-2390	
2862	2862	676	
2863	2863	2628	
2864	2864	241	
2865	2865	-2505	
2866	2866	-734	
2867	2867	2415	
2868	2868	1520	
2869	2869	-1864	
2870	2870	-1911	
2871	2871	1530	
2872	2872	2402	
2873	2873	-675	
2874	2874	-2513	
2875	2875	198	
2876	2876	2631	
2877	2877	699	
2878	2878	-2367	
2879	2879	-1171	
2880	2880	2187	
2881	2881	1871	
2882	2882	-1515	
2883	2883	-2189	
2884	2884	1117	
2885	2885	2556	
2886	2886	-221	
2887	2887	-2542	
2888	2888	-263	
2889	2889	2555	
2890	2890	1126	
2891	2891	-2154	
2892	2892	-1572	
2893	2893	1894	
2894	2894	2167	
2895	2895	-1111	
2896	2896	-2392	
2897	2897	674	
2898	2898	2638	
2899	2899	237	
2900	2900	-2497	
2901	2901	-728	
2902	2902	2409	
2903	2903	1518	
2904	2904	-1869	
2905	2905	-1908	
2906	2906	1534	
2907	2907	2402	
2908	2908	-678	
2909	2909	-2513	
2910	2910	208	
2911	2911	2630	
2912	2912	689	
2913	2913	-2368	
2914	2914	-1171	
2915	2915	2190	
2916	2916	1877	
2917	2917	-1512	
2918	2918	-2187	
2919	2919	1118	
2920	2920	2558	
2921	2921	-227	
2922	2922	-2553	
2923	2923	-275	
2924	2924	2556	
2925	2925	1129	
2926	2926	-2157	
2927	2927	-1566	
2928	2928	1890	
2929	2929	2170	
2930	2930	-1115	
2931	2931	-2394	
2932	2932	667	
2933	2933	2633	
2934	2934	241	
2935	2935	-2505	
2936	2936	-732	
2937	2937	2409	
2938	2938	1518	
2939	2939	-1866	
2940	2940	-1917	
2941	2941	1528	
2942	2942	2400	
2943	2943	-677	
2944	2944	-2517	
2945	2945	208	
2946	2946	2633	
2947	2947	691	
2948	2948	-2366	
2949	2949	-1169	
2950	2950	2183	
2951	2951	1877	
2952	2952	-1514	
2953	2953	-2184	
2954	2954	1122	
2955	2955	2552	
2956	2956	-224	
2957	2957	-2555	
2958	2958	-269	
2959	2959	2558	
2960	2960	1127	
2961	2961	-2149	
2962	2962	-1562	
2963	2963	1896	
2964	2964	2172	
2965	2965	-1117	
2966	2966	-2392	
2967	2967	679	
2968	2968	2638	
2969	2969	235	
2970	2970	-2498	
2971	2971	-730	
2972	2972	2408	
2973	2973	1519	
2974	2974	-1864	
2975	2975	-1913	
2976	2976	1530	
2977	2977	2407	
2978	2978	-678	
2979	2979	-2518	
2980	2980	202	
2981	2981	2630	
2982	2982	687	
2983	2983	-2369	
2984	2984	-1171	
2985	2985	2183	
2986	2986	1875	
2987	2987	-1511	
2988	2988	-2193	
2989	2989	1125	
2990	2990	2550	
2991	2991	-226	
2992	2992	-2548	
2993	2993	-269	
2994	2994	2557	
2995	2995	1124	
2996	2996	-2151	
2997	2997	-1569	
2998	2998	1896	
2999	2999	2168	
3000	3000	-1117	
3001	3001	-2391	
3002	3002	670	
3003	3003	2630	
3004	3004	242	
3005	3005	-2502	
3006	3006	-733	
3007	3007	2409	
3008	3008	1522	
3009	3009	-1867	
3010	3010	-1913	
3011	3011	1533	
3012	3012	2400	
3013	3013	-682	
3014	3014	-2514	
3015	3015	209	
3016	3016	2636	
3017	3017	694	
3018	3018	-2367	
3019	3019	-1164	
3020	3020	2193	
3021	3021	1875	
3022	3022	-1515	
3023	3023	-2191	
3024	3024	1122	
3025	3025	2557	
3026	3026	-221	
3027	3027	-2548	
3028	3028	-267	
3029	3029	2564	
3030	3030	1126	
3031	3031	-2147	
3032	3032	-1564	
3033	3033	1887	
3034	3034	2171	
3035	3035	-1122	
3036	3036	-2391	
3037	3037	672	
3038	3038	2635	
3039	3039	239	
3040	3040	-2503	
3041	3041	-730	
3042	3042	2411	
3043	3043	1519	
3044	3044	-1863	
3045	3045	-1906	
3046	3046	1530	
3047	3047	2404	
3048	3048	-680	
3049	3049	-2512	
3050	3050	203	
3051	3051	2636	
3052	3052	692	
3053	3053	-2358	
3054	3054	-1165	
3055	3055	2188	
3056	3056	1874	
3057	3057	-1515	
3058	3058	-2185	
3059	3059	1116	
3060	3060	2556	
3061	3061	-227	
3062	3062	-2549	
3063	3063	-265	
3064	3064	2557	
3065	3065	1125	
3066	3066	-2149	
3067	3067	-1565	
3068	3068	1896	
3069	3069	2167	
3070	3070	-1112	
3071	3071	-2394	
3072	3072	671	
3073	3073	2634	
3074	3074	241	
3075	3075	-2501	
3076	3076	-733	
3077	3077	2410	
3078	3078	1518	
3079	3079	-1868	
3080	3080	-1910	
3081	3081	1531	
3082	3082	2400	
3083	3083	-679	
3084	3084	-2511	
3085	3085	201	
3086	3086	2628	
3087	3087	692	
3088	3088	-2363	
3089	3089	-1168	
3090	3090	2191	
3091	3091	1873	
3092	3092	-1513	
3093	3093	-2192	
3094	3094	1123	
3095	3095	2554	
3096	3096	-228	
3097	3097	-2554	
3098	3098	-266	
3099	3099	2559	
3100	3100	1130	
3101	3101	-2152	
3102	3102	-1563	
3103	3103	1889	
3104	3104	2173	
3105	3105	-1116	
3106	3106	-2390	
3107	3107	669	
3108	3108	2633	
3109	3109	238	
3110	3110	-2497	
3111	3111	-729	
3112	3112	2414	
3113	3113	1523	
3114	3114	-1868	
3115	3115	-1914	
3116	3116	1528	
3117	3117	2403	
3118	3118	-683	
3119	3119	-2518	
3120	3120	200	
3121	3121	2634	
3122	3122	691	
3123	3123	-2367	
3124	3124	-1165	
3125	3125	2192	
3126	3126	1883	
3127	3127	-1517	
3128	3128	-2185	
3129	3129	1118	
3130	3130	2565	
3131	3131	-217	
3132	3132	-2547	
3133	3133	-268	
3134	3134	2561	
3135	3135	1130	
3136	3136	-2153	
3137	3137	-1566	
3138	3138	1889	
3139	3139	2171	
3140	3140	-1115	
3141	3141	-2389	
3142	3142	672	
3143	3143	2630	
3144	3144	237	
3145	3145	-2502	
3146	3146	-730	
3147	3147	2414	
3148	3148	1522	
3149	3149	-1871	
3150	3150	-1908	
3151	3151	1526	
3152	3152	2397	
3153	3153	-680	
3154	3154	-2510	
3155	3155	203	
3156	3156	2633	
3157	3157	690	
3158	3158	-2373	
3159	3159	-1167	
3160	3160	2186	
3161	3161	1876	
3162	3162	-1522	
3163	3163	-2192	
3164	3164	1126	
3165	3165	2560	
3166	3166	-221	
3167	3167	-2549	
3168	3168	-271	
3169	3169	2560	
3170	3170	1124	
3171	3171	-2152	
3172	3172	-1566	
3173	3173	1894	
3174	3174	2171	
3175	3175	-1117	
3176	3176	-2389	
3177	3177	678	
3178	3178	2633	
3179	3179	238	
3180	3180	-2504	
3181	3181	-734	
3182	3182	2409	
3183	3183	1521	
3184	3184	-1867	
3185	3185	-1911	
3186	3186	1533	
3187	3187	2406	
3188	3188	-673	
3189	3189	-2516	
3190	3190	202	
3191	3191	2631	
3192	3192	693	
3193	3193	-2368	
3194	3194	-1172	
3195	3195	2191	
3196	3196	1876	
3197	3197	-1517	
3198	3198	-2191	
3199	3199	1121	
3200	3200	2557	
3201	3201	-218	
3202	3202	-2551	
3203	3203	-267	
3204	3204	2562	
3205	3205	1123	
3206	3206	-2149	
3207	3207	-1566	
3208	3208	1890	
3209	3209	2167	
3210	3210	-1119	
3211	3211	-2391	
3212	3212	674	
3213	3213	2632	
3214	3214	239	
3215	3215	-2505	
3216	3216	-734	
3217	3217	2414	
3218	3218	1522	
3219	3219	-1864	
3220	3220	-1906	
3221	3221	1532	
3222	3222	2402	
3223	3223	-685	
3224	3224	-2512	
3225	3225	204	
3226	3226	2632	
3227	3227	689	
3228	3228	-2365	
3229	3229	-1163	
3230	3230	2188	
3231	3231	1876	
3232	3232	-1509	
3233	3233	-2191	
3234	3234	1121	
3235	3235	2556	
3236	3236	-228	
3237	3237	-2549	
3238	3238	-269	
3239	3239	2549	
3240	3240	1127	
3241	3241	-2156	
3242	3242	-1563	
3243	3243	1893	
3244	3244	2166	
3245	3245	-1118	
3246	3246	-2388	
3247	3247	671	
3248	3248	2635	
3249	3249	242	
3250	3250	-2500	
3251	3251	-730	
3252	3252	2411	
3253	3253	1517	
3254	3254	-1867	
3255	3255	-1910	
3256	3256	1534	
3257	3257	2394	
3258	3258	-680	
3259	3259	-2519	
3260	3260	205	
3261	3261	2632	
3262	3262	698	
3263	3263	-2366	
3264	3264	-1175	
3265	3265	2185	
3266	3266	1874	
3267	3267	-1519	
3268	3268	-2188	
3269	3269	1118	
3270	3270	2560	
3271	3271	-222	
3272	3272	-2554	
3273	3273	-266	
3274	3274	2555	
3275	3275	1123	
3276	3276	-2149	
3277	3277	-1567	
3278	3278	1884	
3279	3279	2165	
3280	3280	-1116	
3281	3281	-2391	
3282	3282	671	
3283	3283	2634	
3284	3284	239	
3285	3285	-2501	
3286	3286	-734	
3287	3287	2406	
3288	3288	1519	
3289	3289	-1868	
3290	3290	-1911	
3291	3291	1529	
3292	3292	2396	
3293	3293	-681	
3294	3294	-2515	
3295	3295	202	
3296	3296	2634	
3297	3297	694	
3298	3298	-2365	
3299	3299	-1173	
3300	3300	2190	
3301	3301	1875	
3302	3302	-1516	
3303	3303	-2188	
3304	3304	1123	
3305	3305	2550	
3306	3306	-225	
3307	3307	-2560	
3308	3308	-264	
3309	3309	2562	
3310	3310	1127	
3311	3311	-2148	
3312	3312	-1568	
3313	3313	1892	
3314	3314	2169	
3315	3315	-1119	
3316	3316	-2393	
3317	3317	669	
3318	3318	2633	
3319	3319	237	
3320	3320	-2501	
3321	3321	-733	
3322	3322	2410	
3323	3323	1523	
3324	3324	-1864	
3325	3325	-1910	
3326	3326	1527	
3327	3327	2401	
3328	3328	-679	
3329	3329	-2514	
3330	3330	201	
3331	3331	2629	
3332	3332	690	
3333	3333	-2368	
3334	3334	-1174	
3335	3335	2184	
3336	3336	1873	
3337	3337	-1513	
3338	3338	-2188	
3339	3339	1119	
3340	3340	2556	
3341	3341	-221	
3342	3342	-2549	
3343	3343	-271	
3344	3344	2555	
3345	3345	1123	
3346	3346	-2154	
3347	3347	-1566	
3348	3348	1888	
3349	3349	2173	
3350	3350	-1116	
3351	3351	-2391	
3352	3352	676	
3353	3353	2633	
3354	3354	237	
3355	3355	-2497	
3356	3356	-730	
3357	3357	2408	
3358	3358	1524	
3359	3359	-1865	
3360	3360	-1909	
3361	3361	1528	
3362	3362	2400	
3363	3363	-688	
3364	3364	-2516	
3365	3365	207	
3366	3366	2629	
3367	3367	698	
3368	3368	-2364	
3369	3369	-1165	
3370	3370	2186	
3371	3371	1867	
3372	3372	-1517	
3373	3373	-2189	
3374	3374	1121	
3375	3375	2553	
3376	3376	-226	
3377	3377	-2542	
3378	3378	-265	
3379	3379	2557	
3380	3380	1122	
3381	3381	-2152	
3382	3382	-1571	
3383	3383	1889	
3384	3384	2170	
3385	3385	-1114	
3386	3386	-2395	
3387	3387	677	
3388	3388	2636	
3389	3389	242	
3390	3390	-2500	
3391	3391	-734	
3392	3392	2412	
3393	3393	1527	
3394	3394	-1866	
3395	3395	-1905	
3396	3396	1532	
3397	3397	2401	
3398	3398	-678	
3399	3399	-2507	
3400	3400	205	
3401	3401	2635	
3402	3402	690	
3403	3403	-2368	
3404	3404	-1170	
3405	3405	2182	
3406	3406	1878	
3407	3407	-1510	
3408	3408	-2188	
3409	3409	1129	
3410	3410	2558	
3411	3411	-224	
3412	3412	-2552	
3413	3413	-265	
3414	3414	2556	
3415	3415	1129	
3416	3416	-2148	
3417	3417	-1564	
3418	3418	1893	
3419	3419	2178	
3420	3420	-1121	
3421	3421	-2385	
3422	3422	678	
3423	3423	2634	
3424	3424	244	
3425	3425	-2503	
3426	3426	-736	
3427	3427	2408	
3428	3428	1521	
3429	3429	-1863	
3430	3430	-1910	
3431	3431	1531	
3432	3432	2403	
3433	3433	-684	
3434	3434	-2513	
3435	3435	204	
3436	3436	2635	
3437	3437	691	
3438	3438	-2364	
3439	3439	-1167	
3440	3440	2187	
3441	3441	1876	
3442	3442	-1516	
3443	3443	-2184	
3444	3444	1119	
3445	3445	2555	
3446	3446	-226	
3447	3447	-2553	
3448	3448	-267	
3449	3449	2559	
3450	3450	1124	
3451	3451	-2147	
3452	3452	-1564	
3453	3453	1891	
3454	3454	2175	
3455	3455	-1116	
3456	3456	-2395	
3457	3457	672	
3458	3458	2631	
3459	3459	242	
3460	3460	-2506	
3461	3461	-733	
3462	3462	2412	
3463	3463	1519	
3464	3464	-1868	
3465	3465	-1913	
3466	3466	1532	
3467	3467	2400	
3468	3468	-681	
3469	3469	-2507	
3470	3470	212	
3471	3471	2632	
3472	3472	690	
3473	3473	-2371	
3474	3474	-1167	
3475	3475	2190	
3476	3476	1869	
3477	3477	-1520	
3478	3478	-2187	
3479	3479	1119	
3480	3480	2558	
3481	3481	-220	
3482	3482	-2551	
3483	3483	-272	
3484	3484	2556	
3485	3485	1134	
3486	3486	-2154	
3487	3487	-1566	
3488	3488	1896	
3489	3489	2174	
3490	3490	-1113	
3491	3491	-2394	
3492	3492	668	
3493	3493	2632	
3494	3494	240	
3495	3495	-2501	
3496	3496	-732	
3497	3497	2410	
3498	3498	1527	
3499	3499	-1863	
3500	3500	-1911	
3501	3501	1534	
3502	3502	2404	
3503	3503	-681	
3504	3504	-2517	
3505	3505	206	
3506	3506	2635	
3507	3507	698	
3508	3508	-2367	
3509	3509	-1165	
3510	3510	2183	
3511	3511	1868	
3512	3512	-1517	
3513	3513	-2189	
3514	3514	1113	
3515	3515	2548	
3516	3516	-222	
3517	3517	-2545	
3518	3518	-262	
3519	3519	2556	
3520	3520	1126	
3521	3521	-2151	
3522	3522	-1571	
3523	3523	1887	
3524	3524	2169	
3525	3525	-1115	
3526	3526	-2393	
3527	3527	673	
3528	3528	2626	
3529	3529	239	
3530	3530	-2500	
3531	3531	-730	
3532	3532	2414	
3533	3533	1527	
3534	3534	-1862	
3535	3535	-1914	
3536	3536	1533	
3537	3537	2398	
3538	3538	-676	
3539	3539	-2517	
3540	3540	205	
3541	3541	2631	
3542	3542	696	
3543	3543	-2363	
3544	3544	-1166	
3545	3545	2194	
3546	3546	1870	
3547	3547	-1522	
3548	3548	-2191	
3549	3549	1119	
3550	3550	2555	
3551	3551	-222	
3552	3552	-2548	
3553	3553	-266	
3554	3554	2557	
3555	3555	1127	
3556	3556	-2150	
3557	3557	-1564	
3558	3558	1885	
3559	3559	2173	
3560	3560	-1111	
3561	3561	-2395	
3562	3562	667	
3563	3563	2636	
3564	3564	239	
3565	3565	-2503	
3566	3566	-729	
3567	3567	2409	
3568	3568	1518	
3569	3569	-1869	
3570	3570	-1907	
3571	3571	1532	
3572	3572	2400	
3573	3573	-685	
3574	3574	-2516	
3575	3575	203	
3576	3576	2631	
3577	3577	690	
3578	3578	-2372	
3579	3579	-1164	
3580	3580	2187	
3581	3581	1874	
3582	3582	-1514	
3583	3583	-2187	
3584	3584	1115	
3585	3585	2553	
3586	3586	-224	
3587	3587	-2554	
3588	3588	-268	
3589	3589	2555	
3590	3590	1124	
3591	3591	-2151	
3592	3592	-1563	
3593	3593	1885	
3594	3594	2172	
3595	3595	-1117	
3596	3596	-2392	
3597	3597	676	
3598	3598	2631	
3599	3599	240	
3600	3600	-2498	
3601	3601	-732	
3602	3602	2410	
3603	3603	1522	
3604	3604	-1861	
3605	3605	-1906	
3606	3606	1534	
3607	3607	2400	
3608	3608	-677	
3609	3609	-2513	
3610	3610	204	
3611	3611	2634	
3612	3612	689	
3613	3613	-2368	
3614	3614	-1164	
3615	3615	2189	
3616	3616	1873	
3617	3617	-1513	
3618	3618	-2186	
3619	3619	1126	
3620	3620	2555	
3621	3621	-221	
3622	3622	-2547	
3623	3623	-265	
3624	3624	2564	
3625	3625	1124	
3626	3626	-2152	
3627	3627	-1566	
3628	3628	1892	
3629	3629	2175	
3630	3630	-1109	
3631	3631	-2390	
3632	3632	681	
3633	3633	2637	
3634	3634	245	
3635	3635	-2498	
3636	3636	-727	
3637	3637	2414	
3638	3638	1523	
3639	3639	-1863	
3640	3640	-1909	
3641	3641	1528	
3642	3642	2396	
3643	3643	-678	
3644	3644	-2514	
3645	3645	211	
3646	3646	2633	
3647	3647	693	
3648	3648	-2364	
3649	3649	-1168	
3650	3650	2190	
3651	3651	1874	
3652	3652	-1513	
3653	3653	-2183	
3654	3654	1119	
3655	3655	2558	
3656	3656	-225	
3657	3657	-2551	
3658	3658	-269	
3659	3659	2556	
3660	3660	1128	
3661	3661	-2152	
3662	3662	-1570	
3663	3663	1896	
3664	3664	2171	
3665	3665	-1114	
3666	3666	-2387	
3667	3667	676	
3668	3668	2633	
3669	3669	240	
3670	3670	-2501	
3671	3671	-732	
3672	3672	2407	
3673	3673	1518	
3674	3674	-1861	
3675	3675	-1910	
3676	3676	1530	
3677	3677	2401	
3678	3678	-679	
3679	3679	-2510	
3680	3680	206	
3681	3681	2634	
3682	3682	691	
3683	3683	-2364	
3684	3684	-1166	
3685	3685	2188	
3686	3686	1874	
3687	3687	-1511	
3688	3688	-2183	
3689	3689	1123	
3690	3690	2555	
3691	3691	-221	
3692	3692	-2547	
3693	3693	-269	
3694	3694	2557	
3695	3695	1126	
3696	3696	-2150	
3697	3697	-1559	
3698	3698	1893	
3699	3699	2173	
3700	3700	-1111	
3701	3701	-2394	
3702	3702	677	
3703	3703	2630	
3704	3704	229	
3705	3705	-2500	
3706	3706	-731	
3707	3707	2408	
3708	3708	1521	
3709	3709	-1866	
3710	3710	-1910	
3711	3711	1530	
3712	3712	2401	
3713	3713	-679	
3714	3714	-2518	
3715	3715	210	
3716	3716	2630	
3717	3717	690	
3718	3718	-2369	
3719	3719	-1169	
3720	3720	2187	
3721	3721	1875	
3722	3722	-1515	
3723	3723	-2188	
3724	3724	1123	
3725	3725	2554	
3726	3726	-220	
3727	3727	-2554	
3728	3728	-269	
3729	3729	2559	
3730	3730	1125	
3731	3731	-2154	
3732	3732	-1562	
3733	3733	1889	
3734	3734	2167	
3735	3735	-1117	
3736	3736	-2397	
3737	3737	677	
3738	3738	2630	
3739	3739	241	
3740	3740	-2500	
3741	3741	-730	
3742	3742	2410	
3743	3743	1516	
3744	3744	-1865	
3745	3745	-1911	
3746	3746	1534	
3747	3747	2402	
3748	3748	-684	
3749	3749	-2517	
3750	3750	205	
3751	3751	2632	
3752	3752	693	
3753	3753	-2363	
3754	3754	-1171	
3755	3755	2186	
3756	3756	1872	
3757	3757	-1516	
3758	3758	-2185	
3759	3759	1119	
3760	3760	2550	
3761	3761	-222	
3762	3762	-2545	
3763	3763	-270	
3764	3764	2562	
3765	3765	1126	
3766	3766	-2150	
3767	3767	-1568	
3768	3768	1892	
3769	3769	2174	
3770	3770	-1115	
3771	3771	-2388	
3772	3772	674	
3773	3773	2639	
3774	3774	244	
3775	3775	-2502	
3776	3776	-730	
3777	3777	2408	
3778	3778	1522	
3779	3779	-1864	
3780	3780	-1909	
3781	3781	1530	
3782	3782	2397	
3783	3783	-681	
3784	3784	-2516	
3785	3785	210	
3786	3786	2633	
3787	3787	695	
3788	3788	-2372	
3789	3789	-1165	
3790	3790	2186	
3791	3791	1871	
3792	3792	-1509	
3793	3793	-2186	
3794	3794	1125	
3795	3795	2551	
3796	3796	-225	
3797	3797	-2546	
3798	3798	-268	
3799	3799	2561	
3800	3800	1133	
3801	3801	-2151	
3802	3802	-1566	
3803	3803	1897	
3804	3804	2175	
3805	3805	-1116	
3806	3806	-2394	
3807	3807	673	
3808	3808	2628	
3809	3809	240	
3810	3810	-2505	
3811	3811	-731	
3812	3812	2407	
3813	3813	1517	
3814	3814	-1863	
3815	3815	-1906	
3816	3816	1527	
3817	3817	2400	
3818	3818	-678	
3819	3819	-2519	
3820	3820	200	
3821	3821	2630	
3822	3822	688	
3823	3823	-2365	
3824	3824	-1171	
3825	3825	2187	
3826	3826	1876	
3827	3827	-1519	
3828	3828	-2191	
3829	3829	1117	
3830	3830	2551	
3831	3831	-224	
3832	3832	-2549	
3833	3833	-275	
3834	3834	2561	
3835	3835	1125	
3836	3836	-2152	
3837	3837	-1564	
3838	3838	1888	
3839	3839	2165	
3840	3840	-1115	
3841	3841	-2389	
3842	3842	673	
3843	3843	2629	
3844	3844	241	
3845	3845	-2507	
3846	3846	-735	
3847	3847	2406	
3848	3848	1519	
3849	3849	-1865	
3850	3850	-1912	
3851	3851	1527	
3852	3852	2398	
3853	3853	-681	
3854	3854	-2511	
3855	3855	205	
3856	3856	2633	
3857	3857	690	
3858	3858	-2366	
3859	3859	-1167	
3860	3860	2190	
3861	3861	1867	
3862	3862	-1518	
3863	3863	-2190	
3864	3864	1124	
3865	3865	2555	
3866	3866	-221	
3867	3867	-2553	
3868	3868	-264	
3869	3869	2554	
3870	3870	1119	
3871	3871	-2155	
3872	3872	-1571	
3873	3873	1892	
3874	3874	2171	
3875	3875	-1113	
3876	3876	-2392	
3877	3877	673	
3878	3878	2628	
3879	3879	237	
3880	3880	-2500	
3881	3881	-735	
3882	3882	2410	
3883	3883	1522	
3884	3884	-1870	
3885	3885	-1911	
3886	3886	1523	
3887	3887	2401	
3888	3888	-685	
3889	3889	-2513	
3890	3890	202	
3891	3891	2633	
3892	3892	687	
3893	3893	-2366	
3894	3894	-1175	
3895	3895	2185	
3896	3896	1868	
3897	3897	-1517	
3898	3898	-2185	
3899	3899	1118	
3900	3900	2552	
3901	3901	-220	
3902	3902	-2545	
3903	3903	-270	
3904	3904	2558	
3905	3905	1123	
3906	3906	-2150	
3907	3907	-1575	
3908	3908	1893	
3909	3909	2169	
3910	3910	-1116	
3911	3911	-2388	
3912	3912	671	
3913	3913	2627	
3914	3914	239	
3915	3915	-2501	
3916	3916	-731	
3917	3917	2415	
3918	3918	1524	
3919	3919	-1866	
3920	3920	-1915	
3921	3921	1528	
3922	3922	2397	
3923	3923	-685	
3924	3924	-2511	
3925	3925	209	
3926	3926	2631	
3927	3927	690	
3928	3928	-2369	
3929	3929	-1169	
3930	3930	2184	
3931	3931	1868	
3932	3932	-1520	
3933	3933	-2188	
3934	3934	1125	
3935	3935	2551	
3936	3936	-226	
3937	3937	-2554	
3938	3938	-271	
3939	3939	2555	
3940	3940	1123	
3941	3941	-2155	
3942	3942	-1565	
3943	3943	1891	
3944	3944	2168	
3945	3945	-1116	
3946	3946	-2390	
3947	3947	672	
3948	3948	2632	
3949	3949	230	
3950	3950	-2507	
3951	3951	-732	
3952	3952	2411	
3953	3953	1516	
3954	3954	-1867	
3955	3955	-1914	
3956	3956	1529	
3957	3957	2401	
3958	3958	-681	
3959	3959	-2513	
3960	3960	208	
3961	3961	2632	
3962	3962	687	
3963	3963	-2366	
3964	3964	-1173	
3965	3965	2189	
3966	3966	1869	
3967	3967	-1522	
3968	3968	-2195	
3969	3969	1120	
3970	3970	2556	
3971	3971	-226	
3972	3972	-2547	
3973	3973	-264	
3974	3974	2559	
3975	3975	1124	
3976	3976	-2147	
3977	3977	-1568	
3978	3978	1889	
3979	3979	2167	
3980	3980	-1111	
3981	3981	-2390	
3982	3982	670	
3983	3983	2634	
3984	3984	237	
3985	3985	-2504	
3986	3986	-731	
3987	3987	2408	
3988	3988	1519	
3989	3989	-1867	
3990	3990	-1912	
3991	3991	1530	
3992	3992	2397	
3993	3993	-678	
3994	3994	-2515	
3995	3995	205	
3996	3996	2631	
3997	3997	695	
3998	3998	-2366	
3999	3999	-1173	
4000	4000	2183	
4001	4001	1872	
4002	4002	-1521	
4003	4003	-2189	
4004	4004	1125	
4005	4005	2553	
4006	4006	-225	
4007	4007	-2548	
4008	4008	-267	
4009	4009	2560	
4010	4010	1123	
4011	4011	-2155	
4012	4012	-1573	
4013	4013	1889	
4014	4014	2174	
4015	4015	-1115	
4016	4016	-2394	
4017	4017	668	
4018	4018	2633	
4019	4019	236	
4020	4020	-2503	
4021	4021	-735	
4022	4022	2412	
4023	4023	1524	
4024	4024	-1864	
4025	4025	-1909	
4026	4026	1527	
4027	4027	2399	
4028	4028	-684	
4029	4029	-2514	
4030	4030	207	
4031	4031	2629	
4032	4032	687	
4033	4033	-2364	
4034	4034	-1170	
4035	4035	2189	
4036	4036	1872	
4037	4037	-1522	
4038	4038	-2191	
4039	4039	1118	
4040	4040	2547	
4041	4041	-227	
4042	4042	-2546	
4043	4043	-269	
4044	4044	2555	
4045	4045	1121	
4046	4046	-2157	
4047	4047	-1566	
4048	4048	1887	
4049	4049	2165	
4050	4050	-1114	
4051	4051	-2385	
4052	4052	666	
4053	4053	2633	
4054	4054	238	
4055	4055	-2503	
4056	4056	-738	
4057	4057	2409	
4058	4058	1519	
4059	4059	-1864	
4060	4060	-1909	
4061	4061	1533	
4062	4062	2399	
4063	4063	-677	
4064	4064	-2516	
4065	4065	215	
4066	4066	2634	
4067	4067	694	
4068	4068	-2368	
4069	4069	-1169	
4070	4070	2188	
4071	4071	1876	
4072	4072	-1514	
4073	4073	-2185	
4074	4074	1116	
4075	4075	2558	
4076	4076	-226	
4077	4077	-2547	
4078	4078	-268	
4079	4079	2558	
4080	4080	1128	
4081	4081	-2150	
4082	4082	-1567	
4083	4083	1891	
4084	4084	2178	
4085	4085	-1119	
4086	4086	-2396	
4087	4087	677	
4088	4088	2633	
4089	4089	241	
4090	4090	-2509	
4091	4091	-737	
4092	4092	2416	
4093	4093	1522	
4094	4094	-1863	
4095	4095	-1913	
